$ANSIBLE_VAULT;1.1;AES256
32663030303331313533663539613963396530313463623264333665303364386361306262633331
3738643661346239653836326163353235613539316333620a366333333038316635623835333566
38313138353033656263316563373136386132666562306639636663623639363134303937343736
3664356364643466370a353331376333636365616633396339326136333962393134613033323331
30316436663963653166616261383330306637336532346339376339623832383032373966613363
32633165383335323465336233333463303766653163613964653264383465383139613566633462
34313533343031353365363336383363386232373735353838646337643763343934373161326663
39613532323930386632366361313538353165633037363337366631643534393932396264313462
64356533393334333532616563316564333264333763323136386638343866306263316565343263
65386364623030366563383834393665633335643131323936656337353263346362663465353931
32333334313736396461313462663466386432643361643432333433373463656137646337333465
31633835383032373631303462633364633231343164396562366136663261393338653132356364
66303531326134646535646535333261306233633935646530383265633634376130646438323064
64363333363935623062376232666637313237653034653633373835336664653661383731316465
39616361633330366535646332663431363033653864633363623834373265313332373733343231
34383238336433646232626238623932383938643734323432316531306535313131393837383337
35623431326664616639656135353739666131626631386265633061306439326633366263303965
38623531646262353061316634366639616434323063373363323939306436346666393630313630
35653665616433623234393061656634343939623731383239666361303962356163653734613966
62643061613632303438373161663536666263623566353030376536653162636664336364343965
64336361366431626635353638343933646466373037313732626536353036336436383938393531
65333235656431336238666638663631613861613033623839613362383637303464326231326531
66393134393965343163366138653433653036336139373736336561393333613762616535366265
35343864303366333130626635656434303762383132383033636162303130346362333766383061
35656239383461376433653530653531383764306530653166356133623761663834643534386138
36643930393638343237343734663366636534666161383363333632333562336666363330633536
62333631343563313335656666613363326633636233376565383664646663396433646661643836
32653964326463636632373335633336383839393138666664323063393239353965616565653862
64626161393537353964633033616162633836663362663035623661333932336230386332373361
64613334666536656336373133663038323130363966376161626464636234346533613261383066
66616433396565633236313930663864303730363631313061303065343430313766313164653964
63613230353037636130333261363239383831366634623434313661373035333264313132633131
33303631626539396565383332646365646165363161633337363035366263623932396439656435
64393330633063356465643130336632303563623034646530323933306361336633346330633938
32393332613339333535393065333839613161323937353565363966386336316134656463633039
34616564623236346266626364393034656433333236626161363464656662643138396137616566
31353636643334623730356662383339613639626261666362383762663264326564376165646230
64313933366233646332306338383363666531656136613063653962393066383134633164303064
363739663937623435346464343364393237
